www.purdue.edu 1.355 0.741 0.512 0.666 0.929 150.905
www.facebook.com 8.350 6.813 6.527 6.704 7.329 55.764
www.twitter.com 45.521 42.912 6.631 40.941 46.214 183.029
www.instagram.com 9.756 6.794 6.520 6.697 7.383 258.628
www.ebay.com 9.821 7.616 6.571 7.282 8.186 149.495
www.paypal.com 8.953 7.494 6.588 6.804 7.926 146.115
www.microsoft.com 9.494 7.685 6.590 7.471 8.387 158.492
www.blogspot.com 8.358 6.924 6.635 6.830 7.381 144.346
www.stackoverflow.com 7.860 6.705 6.501 6.649 7.071 151.997
www.blogger.com 8.548 6.928 6.627 6.828 7.400 145.174
www.adobe.com 9.222 7.643 6.540 7.347 8.244 148.890
www.citi.com 8.448 7.434 6.549 6.813 7.866 154.451
www.yale.edu 41.322 40.422 36.658 40.166 40.845 87.395
www.princeton.edu 39.757 31.526 28.736 30.392 34.011 411.622
www.columbia.edu 32.809 30.268 29.509 30.110 30.604 181.551
www.uchicago.edu 9.385 8.067 7.733 7.961 8.415 157.442
web.mit.edu 8.920 7.602 6.566 7.354 8.063 120.631
www.upenn.edu 4.238 2.165 1.993 2.110 2.966 175.454
www.jhu.edu 15.505 8.660 6.790 7.722 29.212 136.789
www.ucsd.edu 73.298 68.714 53.892 68.211 69.504 239.465
www.ucdavis.edu 10.335 7.758 7.546 7.692 8.155 156.351
www.cmu.edu 30.103 29.082 19.606 28.882 29.414 137.772
www.wustl.edu 14.313 12.665 12.412 12.599 13.112 148.573
www.rice.edu 34.717 33.536 32.784 33.204 33.928 107.888
www.tufts.edu 10.455 7.748 7.545 7.670 8.284 150.407
www.virginia.edu 28.327 27.085 26.621 26.934 27.647 163.336
www.bu.edu 31.297 30.056 29.480 29.876 30.583 169.869
www.espn.go.com 57.654 56.582 56.386 56.510 57.204 190.531
www.yelp.com 8.640 6.735 6.537 6.676 7.203 154.120
www.walmart.com 8.158 7.462 6.611 6.790 7.923 131.983
www.weather.com 14.843 7.989 6.563 7.494 19.752 155.272
www.apple.com 13.953 7.880 6.644 7.500 19.362 150.419
www.etsy.com 14.029 7.538 6.605 6.780 9.549 173.845
www.comcast.net 4.632 2.172 1.935 2.093 3.242 131.521
www.hulu.com 4.719 2.180 1.983 2.090 3.366 154.710
www.dropbox.com 30.288 26.650 22.284 25.934 28.251 183.347
www.groupon.com 8.794 7.530 6.652 6.820 7.961 145.509
www.irs.gov 9.115 7.663 6.594 7.409 8.014 143.465
www.expedia.com 8.792 7.516 6.581 6.818 7.969 141.277
www.united.com 8.992 7.643 6.609 7.344 8.231 149.779
www.delta.com 8.358 7.492 6.614 6.820 7.932 148.259
www.costco.com 9.486 7.643 6.590 7.388 8.229 157.550
www.gap.com 4.865 2.167 1.970 2.109 3.311 151.371
www.quora.com 8.594 7.013 6.794 6.948 7.362 208.169
www.nordstrom.com 8.887 7.488 6.631 6.778 7.900 159.566
www.usaa.com 9.221 7.645 6.647 7.386 8.304 161.684
www.foxnews.com 4.327 2.197 1.962 2.109 3.219 131.183
www.usps.com 9.099 7.660 6.643 7.398 8.105 124.873
www.agoda.com 8.330 7.409 6.565 6.792 7.918 153.217
www.southwest.com 8.777 7.494 6.542 6.791 7.928 145.303
www.flickr.com 13.002 7.186 6.579 6.791 15.593 123.978
www.harvard.edu 11.538 8.908 6.696 6.934 10.078 163.970
www.youtube.com 2.861 1.577 1.101 1.297 2.734 28.255
