www.dailymail.co.uk 5.133 2.319 1.991 2.104 3.717 160.475
www.hm.com 10.149 7.694 6.653 7.427 8.508 147.250
www.asos.com 9.143 7.666 6.607 7.373 8.449 111.821
www.cambridge.org 8.955 6.722 6.511 6.658 7.154 153.316
www.easyjet.com 8.979 7.460 6.604 6.797 7.916 145.934
www.express.co.uk 10.862 8.520 6.701 6.976 9.574 149.345
www.nhs.uk 9.192 7.710 6.652 7.546 8.540 114.095
www.britishairways.com 9.143 7.685 6.668 7.424 8.318 141.206
www.lufthansa.com 12.797 7.756 6.554 7.267 9.753 159.071
www.tesco.com 5.740 2.933 1.993 2.122 7.591 147.138
