www.sohu.com 263.699 235.918 189.845 234.813 242.594 1537.434
www.qq.com 4.669 2.211 1.978 2.117 3.435 141.338
www.163.com 8.017 6.933 6.789 6.886 7.366 137.017
www.xinhuanet.com 25.063 22.554 7.710 22.354 23.298 169.752
www.jd.com 8.587 6.682 6.515 6.639 7.053 299.189
www.huanqiu.com 23.180 33.099 7.641 8.071 33.492 119.793
www.iqiyi.com 5.186 2.176 2.017 2.110 3.375 157.549
www.sina.com 62.674 60.040 59.623 59.878 60.534 212.911
www.gmw.cn 329.233 320.876 214.422 287.888 357.326 691.932
www.youth.cn 322.863 313.095 219.509 285.058 349.446 593.271
www.zol.com.cn 250.834 228.025 200.333 214.789 298.834 419.469
www.zju.edu.cn 51.747 7.272 6.781 6.907 33.452 316.115
www.weibo.com 352.623 304.650 6.657 224.657 346.284 1412.320
